1790512208 2 3
1790512214 2 3
1790512219 2 3
1790512225 2 6
1790512230 2 6
1790512236 2 35
1790512241 2 35
1790512246 2 35
1790512252 2 43
1790512257 2 43
1790512263 2 43
1790512268 2 42
1790512273 2 42
1790512279 2 42
1790512284 2 41
1790512290 2 41
1790512295 2 69
1790512301 2 69
1790512306 2 69
1790512312 2 150
1790512317 2 150
1790512323 2 150
1790512328 2 236
1790512334 2 236
1790512339 2 236
1790512345 2 322
1790512350 2 322
1790512356 4 413
1790512362 4 413
1790512367 4 413
1790512373 4 452
1790512379 4 452
1790512385 4 452
1790512390 4 412
1790512396 4 412
1790512402 4 467
1790512407 4 467
1790512413 4 467
1790512419 4 495
1790512425 4 495
1790512431 4 491
1790512436 4 491
1790512442 4 491
1790512448 4 488
1790512454 3 488
1790512459 3 488
1790512465 4 482
1790512471 4 482
1790512477 4 470
1790512482 4 470
1790512488 4 470
1790512494 4 490
1790512500 4 490
1790512506 4 461
1790512512 4 461
1790512517 4 461
1790512523 4 472
1790512529 4 472
1790512535 4 472
1790512540 4 481
1790512546 4 481
1790512552 4 492
1790512558 4 492
1790512563 4 492
1790512569 4 492
1790512575 4 492
1790512580 4 474
1790512586 4 474
1790512592 4 474
1790512598 4 456
1790512603 4 456
1790512609 4 456
1790512615 3 488
1790512620 4 488
1790512626 4 449
1790512632 4 449
1790512637 4 449
1790512643 4 471
1790512649 4 471
1790512654 4 471
1790512660 4 468
1790512666 4 468
1790512671 4 400
1790512677 4 400
1790512682 4 400
1790512688 4 317
1790512693 4 317
1790512698 4 317
1790512703 4 113
1790512709 4 113
1790512714 4 113
1790512719 4 26
1790512725 4 26
1790512730 4 26
1790512735 4 21
1790512741 4 21
1790512746 4 21
1790512751 4 21
1790512756 4 21
1790512762 4 21
1790512767 4 21
1790512772 4 21
1790512778 4 21
1790512783 4 21
1790512788 4 21
1790512793 4 21
1790512799 4 21
1790512804 4 21
1790512809 4 20
1790512815 4 20
1790512820 4 20
1790512825 4 21
1790512831 4 21
1790512836 4 21
1790512841 4 21
1790512847 4 21
1790512852 4 22
1790512857 4 22
1790512862 4 22
1790512868 4 21
1790512873 4 21
1790512878 4 21
1790512884 4 21
1790512889 4 21
1790512894 4 21
1790512899 4 21
1790512905 4 21
1790512910 4 21
1790512915 4 21
1790512921 4 21
1790512926 4 21
1790512931 4 22
1790512937 4 22
1790512942 4 20
1790512947 4 20
1790512952 4 20
1790512958 4 21
1790512963 4 21
1790512968 4 21
1790512974 4 22
1790512979 4 22
1790512984 4 22
1790512990 4 20
1790512995 4 20
1790513000 4 20
1790513005 4 21
1790513011 4 21
1790513016 4 21
1790513021 4 22
1790513027 4 22
1790513032 4 21
1790513037 4 21
1790513043 4 21
1790513048 4 22
1790513053 4 22
1790513058 4 22
1790513064 4 21
1790513069 4 21
1790513074 4 21
1790513080 4 13
1790513085 4 13
1790513090 4 13
1790513096 4 2
